562 0.7265625 0.3281250000000001 0.50625 0.3281250000000001 0.50625 0.3671875000000001 0.7265625 0.3671875000000001
528 0.6671875 0.3750000000000001 0.5 0.3750000000000001 0.5 0.4046875 0.6671875 0.4046875
113 0.8671875 0.4171875000000001 0.7171875 0.4171875 0.7171875 0.4562500000000001 0.8671875 0.45625000000000016
395 0.76875 0.4906250000000001 0.621875 0.490625 0.621875 0.5281250000000001 0.76875 0.5281250000000002
96 0.809375 0.5625000000000001 0.615625 0.5625 0.615625 0.5921875000000001 0.809375 0.5921875000000002
403 0.7484375 0.64375 0.609375 0.64375 0.609375 0.6843750000000001 0.7484375 0.6843750000000002
195 0.7250000000000002 0.73125 0.5984375000000002 0.73125 0.5984375000000002 0.7703125 0.7250000000000002 0.7703125
752 0.7562500000000002 0.7890625000000001 0.6125000000000002 0.7890625 0.6125000000000002 0.828125 0.7562500000000002 0.828125
265 0.7562500000000002 0.896875 0.6187500000000001 0.896875 0.6187500000000001 0.9390625 0.7562500000000002 0.9390625
702 0.41406250000000017 0.815625 0.2890625000000001 0.815625 0.2890625000000001 0.8515625 0.41406250000000017 0.8515625
294 0.453125 0.4921875 0.3218750000000001 0.4921875 0.3218750000000001 0.534375 0.453125 0.534375
793 0.4265625 0.36562500000000003 0.3031250000000001 0.365625 0.3031250000000001 0.4 0.4265625 0.4
487 0.39375 0.2984375 0.2953125 0.2984375 0.2953125 0.33906250000000004 0.39375 0.3390625000000001
110 0.4828125 0.21875000000000006 0.2890625 0.21875 0.2890625 0.25625000000000003 0.4828125 0.2562500000000001