204 0.428125 0.12812500000000004 0.31875 0.12812500000000004 0.31875 0.17968750000000006 0.428125 0.17968750000000006
510 0.3375 0.17031250000000003 0.2296875 0.17031250000000003 0.2296875 0.215625 0.3375 0.215625
155 0.515625 0.22031250000000005 0.265625 0.2203125 0.265625 0.27968750000000003 0.515625 0.2796875000000001
383 0.621875 0.27187500000000003 0.2671875 0.271875 0.2671875 0.321875 0.621875 0.3218750000000001
461 0.465625 0.32343750000000004 0.265625 0.3234375 0.26562500000000006 0.36718750000000006 0.465625 0.3671875000000001
532 0.3812500000000001 0.36406250000000007 0.2562500000000001 0.3640625 0.2562500000000001 0.39843750000000006 0.3812500000000001 0.3984375000000001
225 0.465625 0.39687500000000003 0.25468750000000007 0.396875 0.25468750000000007 0.4390625 0.465625 0.4390625
118 0.4515625 0.4375 0.2609375000000001 0.4375 0.2609375000000001 0.4765625 0.4515625 0.4765625
800 0.8578125 0.1687500000000001 0.7109375 0.1687500000000001 0.7109375 0.2093750000000001 0.8578125 0.2093750000000001
270 0.8703125 0.2078125000000001 0.709375 0.2078125000000001 0.709375 0.2484375000000001 0.8703125 0.2484375000000001
48 0.7796875 0.2453125000000001 0.6328125 0.2453125000000001 0.6328125 0.2843750000000001 0.7796875 0.2843750000000001
687 0.825 0.2890625000000001 0.7203125 0.2890625000000001 0.7203125 0.3281250000000001 0.825 0.3281250000000001
18 0.9140625 0.33281250000000007 0.75 0.33281250000000007 0.75 0.3750000000000001 0.9140625 0.3750000000000001
211 0.9546875 0.37187500000000007 0.746875 0.37187500000000007 0.746875 0.41718750000000016 0.9546875 0.41718750000000016