146 0.4046875 0.06406250000000004 0.1453125 0.06406250000000002 0.1453125 0.11875000000000002 0.4046875 0.11875000000000005
754 0.284375 0.16250000000000003 0.1484375 0.1625 0.14843750000000003 0.2140625 0.284375 0.2140625
615 0.39531250000000007 0.3609375 0.15000000000000005 0.3609375 0.15000000000000005 0.4125 0.39531250000000007 0.4125
830 0.2671875 0.2671875 0.12968750000000004 0.2671875 0.12968750000000004 0.3125 0.2671875 0.3125
157 0.2765625000000001 0.45 0.14218750000000005 0.45 0.14218750000000005 0.496875 0.2765625000000001 0.496875
809 0.3109375000000001 0.5453125 0.16562500000000008 0.5453125 0.16562500000000008 0.5921875 0.3109375000000001 0.5921875
97 0.4859375 0.625 0.1609375000000001 0.625 0.1609375000000001 0.678125 0.4859375 0.678125
86 0.4171875000000001 0.725 0.2078125000000001 0.725 0.2078125000000001 0.7921875 0.41718750000000016 0.7921875
790 0.8125 0.7281250000000001 0.6562500000000002 0.728125 0.6562500000000002 0.7781250000000001 0.8125 0.7781250000000002
587 0.3343750000000001 0.8328125 0.14218750000000008 0.8328125 0.14218750000000008 0.8859375 0.3343750000000001 0.8859375
294 0.30156250000000007 0.91875 0.13906250000000014 0.91875 0.13906250000000014 0.975 0.30156250000000007 0.975