139 0.3515625 0.12812500000000002 0.16875 0.128125 0.16875 0.1609375 0.3515625 0.16093750000000004
328 0.3296875 0.16093750000000004 0.1828125 0.16093750000000004 0.18281250000000002 0.19531250000000006 0.3296875 0.19531250000000006
290 0.4109375 0.19843750000000004 0.19218750000000004 0.19843750000000004 0.19218750000000004 0.23437500000000006 0.4109375 0.23437500000000008
517 0.39375 0.23125000000000004 0.19218750000000004 0.23125 0.19218750000000004 0.275 0.39375 0.2750000000000001
241 0.3578125 0.2734375 0.20625 0.2734375 0.20625 0.303125 0.3578125 0.303125
137 0.3609375 0.30625 0.2140625 0.30625 0.2140625 0.3390625 0.3609375 0.3390625
8 0.4375 0.33906250000000004 0.221875 0.3390625 0.22187500000000004 0.37968750000000007 0.4375 0.37968750000000007
740 0.3625000000000001 0.3828125 0.21093750000000008 0.3828125 0.21093750000000008 0.4140625 0.3625000000000001 0.4140625
336 0.3765625000000001 0.4203125 0.22031250000000008 0.4203125 0.22031250000000008 0.4578125 0.3765625000000001 0.4578125
107 0.34062500000000007 0.4609375 0.2093750000000001 0.4609375 0.2093750000000001 0.490625 0.34062500000000007 0.490625
228 0.37968750000000007 0.4921875 0.2062500000000001 0.4921875 0.2062500000000001 0.5296875 0.37968750000000007 0.5296875
294 0.35625000000000007 0.5609375 0.1828125000000001 0.5609375 0.1828125000000001 0.590625 0.35625000000000007 0.590625
313 0.3546875000000001 0.6 0.19531250000000008 0.6 0.19531250000000008 0.63125 0.3546875000000001 0.63125